+--------------------+------------------------+--------------------+---------------------+--------------------+---------------------+---------------------+---------------------+
|   Currency Name    |     Currency Price     | Currency 1h Change | Currency 24h Change | Currency 7d Change | Currency 30d Change | Currency 60d Change | Currency 90d Change |
+--------------------+------------------------+--------------------+---------------------+--------------------+---------------------+---------------------+---------------------+
|      Bitcoin       |   36818.70398292955    |     0.47789298     |      0.28271811     |    -0.92238451     |     24.87092867     |     35.82827312     |      41.2619183     |
|      Ethereum      |   1976.5185279649065   |     0.12505894     |      0.48973901     |    -3.71834886     |     22.94702903     |     21.36406515     |     18.56119598     |
|    Tether USDt     |   1.0006345932537817   |     0.00075657     |     -0.00411044     |     0.0363717      |      0.03408445     |      0.05269941     |      0.08890168     |
|        BNB         |   245.22714850187378   |     0.28136444     |      0.04813217     |    -1.33714128     |     15.23217036     |     13.69669286     |     16.70980013     |
|        XRP         |   0.6234496822586368   |     0.24675658     |      1.54245243     |    -5.85928672     |     19.34551987     |     20.07980472     |     19.56506745     |
|       Solana       |   60.59873878744967    |     0.30907168     |      2.66759524     |     5.93575747     |     126.26478321    |     200.07006918    |     187.25408416    |
|        USDC        |   0.9999890781959109   |    -0.00916697     |     -0.01534721     |     0.03761641     |      0.0096061      |     -0.00705243     |      0.00568629     |
|      Cardano       |   0.3808224930334022   |     0.91881793     |      1.96943345     |    -0.11847481     |     51.89615617     |      49.5277519     |     44.24301462     |
|      Dogecoin      |  0.08007779186416916   |     1.59641315     |     -1.30604628     |     2.75760691     |     33.20646683     |     28.11933655     |     28.28736614     |
|        TRON        |  0.10380144185463365   |     0.48242402     |      0.82744764     |    -4.38357483     |     14.09350301     |     22.61771513     |     38.86935851     |
|      Toncoin       |   2.373361341135765    |     0.07677456     |     -0.07051949     |    -4.50524889     |     13.59338165     |     -1.96985432     |      75.0439402     |
|     Chainlink      |   14.580345968842673   |     2.44670574     |      6.05943697     |    -9.35764884     |     90.87252496     |     110.81801224    |     136.88175534    |
|      Polygon       |   0.8440362417290678   |     0.49163529     |      1.87201826     |    -4.85851033     |     57.73764677     |     55.34701868     |     50.59694411     |
|     Avalanche      |   21.883853553989223   |     0.78004628     |     -1.86426751     |    19.37343935     |     137.81778082    |     142.31382799    |     111.73078519    |
|      Polkadot      |   5.420734620103629    |     0.42652476     |      2.86554426     |    -5.17924937     |     46.01424987     |     31.11039732     |     22.47586035     |
|  Wrapped Bitcoin   |   36755.735605401314   |     0.46101009     |      0.16416999     |    -0.96790245     |     24.55093921     |     35.47427232     |     41.02841074     |
|        Dai         |   0.9998751142068495   |    -0.02675536     |     -0.06658934     |     0.02716432     |     -0.00099901     |      0.06396431     |     -0.02473162     |
|      Litecoin      |   70.07508798505825    |     0.38642032     |      0.3045953      |    -6.34610861     |      10.5292744     |      7.9524085      |      5.75008633     |
|     Shiba Inu      | 8.605037319862837e-06  |     0.59624811     |     -0.09149791     |    -3.63438568     |     24.80960001     |     16.22935752     |      7.81778308     |
|    Bitcoin Cash    |   228.6242693977908    |     0.29028225     |      0.22998853     |    -3.44390981     |     -5.10824706     |      5.41242426     |     22.78445138     |
|    UNUS SED LEO    |   4.081768587311142    |     0.16360292     |      0.29498841     |     -1.6054706     |      5.27007303     |      6.51971903     |      8.21023812     |
|        OKB         |    57.9382870835766    |     0.66206553     |     -0.11204639     |    -3.97998791     |     33.00725224     |     33.72294502     |     33.89311671     |
|       Cosmos       |   9.251111718709824    |     0.63581533     |      -0.7842171     |    -3.07413366     |     45.00731142     |     26.90442614     |     22.25173117     |
|      Stellar       |  0.12046011774416068   |     0.37959158     |      1.32571959     |    -3.58580521     |     10.47864667     |      2.08319911     |     -2.86267178     |
|      TrueUSD       |   0.9995571712831723   |     0.01469765     |      0.04509521     |     0.06701127     |      0.00571007     |      0.08381855     |     -0.03311993     |
|       Kaspa        |  0.14582642629887543   |     0.29974351     |      2.43827338     |    62.95488896     |     199.08145912    |     191.11193886    |     241.77583623    |
|      Uniswap       |   5.148322741522844    |     0.83299215     |      1.09947537     |     -4.575018      |     28.70812901     |     17.31685596     |      7.65461174     |
|       Monero       |   163.47798621943832   |     0.77741653     |      1.65123966     |    -3.70868522     |      5.74419429     |     10.74743936     |     10.65110128     |
|  Ethereum Classic  |   19.29069800842926    |     0.50512419     |      0.4728699      |    -3.76665616     |      26.5416452     |     23.65660949     |     22.02783966     |
|       Cronos       |  0.09736130286432072   |     0.47901956     |     -2.82010719     |    -2.34064685     |     86.47487633     |     90.48966482     |     86.94146847     |
|      Filecoin      |   4.838484989085883    |     0.84097085     |      2.38426865     |    -0.25517372     |      50.0291517     |     43.39333798     |     41.37323956     |
|       Hedera       |  0.06177250434201794   |     0.37973185     |      0.24503217     |    -0.28107371     |     30.71916956     |     22.39686937     |      0.19957725     |
| Internet Computer  |   4.510418868351388    |     0.03656609     |      4.88103777     |     0.21837274     |     45.51350285     |     50.47291672     |     30.31580172     |
|      Lido DAO      |   2.2748850597206864   |    -0.20319285     |      0.05633908     |     0.6750511      |     47.83137826     |     44.86846185     |     40.44905077     |
|       Aptos        |   7.129700291093434    |     0.9959837      |      0.8163024      |    -10.23874508    |     40.87242463     |      38.3277717     |     19.89890856     |
|   NEAR Protocol    |   1.9381397081078722   |     2.26470072     |      8.84802523     |    14.44925107     |     93.05187818     |     73.71273654     |     71.18118366     |
|     THORChain      |   5.473992210751788    |     1.16704806     |     -10.24845788    |     3.2193593      |     239.29734509    |     206.43528826    |     222.41471006    |
|        BUSD        |   1.0004597845242968   |    -0.01248527     |      -0.0140579     |     0.0522176      |      0.03362518     |      0.04984065     |      0.01337426     |
|     Immutable      |   1.3291266166195574   |     0.46671574     |     17.79739129     |    16.99047927     |     147.43954136    |     144.0847351     |     121.33918989    |
|      Optimism      |   1.7502293632092674   |     0.77734671     |     -0.36648654     |    -2.13492922     |     42.50697566     |     25.95358306     |     14.17692707     |
|      VeChain       |  0.02106113239052633   |     0.81743756     |      -0.2009999     |    -5.32843453     |     27.17532986     |      19.6953684     |     31.14810963     |
|       Mantle       |  0.49148424854928263   |    -0.58621213     |     -3.57223743     |    12.38197151     |     35.40081362     |     22.31250542     |     15.60863756     |
|     Injective      |   16.196112482797115   |     1.50420011     |      0.31410592     |    -6.25627762     |     89.72690166     |     116.53129676    |     117.33893305    |
|       Maker        |   1368.8560333250816   |     0.12258845     |      0.1100545      |     7.78659543     |     -3.15996257     |      2.36252928     |     27.83758504     |
|      Arbitrum      |   1.0357715032920163   |     0.84488427     |     -0.50712689     |    -9.40065227     |     29.84398829     |     21.91215489     |      4.50639156     |
|        Aave        |   89.66879434761873    |     0.56763139     |      1.91700822     |    -6.69871605     |      36.3456755     |     39.10091279     |      60.6691543     |
|     The Graph      |  0.13466656999651533   |    -0.52272617     |      6.56371086     |    -0.69034814     |     67.09568787     |     48.68635899     |      46.9788032     |
|       Render       |   3.3256865578285892   |    -0.14599959     |     -2.25645068     |     36.4047155     |     68.74695738     |     106.67138514    |     142.54092198    |
|       Quant        |   100.1270524678681    |     0.59880953     |     -1.06798258     |    -5.15588261     |     15.46697022     |     10.39742496     |      0.34707669     |
|     MultiversX     |   45.46406735258525    |     0.36183201     |      4.69387165     |     3.72367621     |     83.31971184     |     77.07175435     |     69.89229235     |
|     FTX Token      |   3.368896145156745    |     0.15187572     |      2.03917275     |     7.67510073     |     222.5485135     |     226.77104637    |     213.1225925     |
|      Algorand      |  0.13773349089333017   |     0.8477161      |      2.39286842     |    -3.53361811     |     51.69120145     |     39.30778212     |      44.7165678     |
|        Flow        |   0.6771452611699573   |     0.40030147     |      0.32937377     |    -2.33120689     |     52.33872642     |     51.41060469     |     48.92801215     |
|      Celestia      |   7.0352494914336425   |    -0.39253047     |     -0.38600875     |     49.5084674     |     234.89716166    |     234.89716166    |     234.89716166    |
|   Theta Network    |   0.9730985535511842   |     1.01357088     |      5.41766944     |    -1.79964133     |     65.84197528     |     63.37138846     |     57.88410238     |
|     Synthetix      |   3.336175529895334    |     2.76890723     |     13.67560403     |    15.22819775     |     70.16272986     |     52.55977463     |     58.51195369     |
|     Bitcoin SV     |    47.6287371470316    |     0.56713776     |      0.98559203     |    -4.53151059     |     -9.38617266     |     50.85312526     |     53.88070569     |
|       Fantom       |  0.32739808853123586   |     1.31349062     |      -0.7418961     |    -1.37733367     |      80.8172834     |     69.13532289     |     59.99824154     |
|       Stacks       |   0.6378404993832657   |     0.78122332     |      0.70774652     |    -4.21015809     |      4.17788183     |     31.23962395     |     34.81788394     |
|   Axie Infinity    |   6.197025687689622    |     1.6386669      |      1.89581705     |    -1.36668702     |     46.85510119     |     36.98379215     |     26.83840665     |
|    The Sandbox     |  0.41161848284833547   |     0.63887514     |      1.61412393     |    -7.19691345     |      39.985803      |     37.43847569     |     26.38829374     |
|       Tezos        |   0.8477927183436105   |     0.46108768     |      0.96185945     |    -8.16624311     |     31.68304696     |     25.59444347     |     22.44139833     |
|    Decentraland    |  0.42325824498927633   |     0.50760135     |      1.26669454     |    -9.38441908     |     47.88750496     |     42.10668455     |      40.3758577     |
|        EOS         |   0.7142655033846331   |     0.60312864     |      0.12226542     |    -2.91405952     |     30.60315088     |     23.51137144     |     23.22726735     |
|        Neo         |   11.17129215892112    |     0.2559766      |      1.05996239     |    -11.24098977    |     63.96057631     |      48.5627799     |     58.49122664     |
|        Kava        |   0.7840963656035446   |     0.13236274     |      1.78797288     |    -4.37732544     |     33.54065573     |     24.92742455     |     11.06578843     |
|    Bitget Token    |   0.5266824488791163   |    -0.03166246     |     -1.05415939     |     8.6980239      |     25.21241395     |     14.59703754     |      23.8321009     |
|    XDC Network     |  0.053032164298845046  |     0.01999201     |     -0.39932992     |    -4.52149952     |     14.55480727     |     -1.54354545     |     -5.25182449     |
|        USDD        |   0.9969905701815486   |     0.04578994     |      0.00387783     |     0.00581462     |      -0.2974568     |     -0.16880071     |     -0.07691933     |
|    KuCoin Token    |   7.254242766796074    |     1.02078939     |      9.0331412      |    17.18785334     |      59.5094676     |     61.70292952     |     49.20103985     |
| First Digital USD  |   1.0004780176303996   |     0.02480863     |      0.0121334      |     0.09177509     |      0.05037674     |      0.0502006      |      0.05277238     |
|        Gala        |  0.024065551238854063  |     0.0349428      |      1.27630859     |     0.18955914     |     86.15978894     |     72.65803863     |     23.80565045     |
|        Mina        |   0.6145991611603965   |     0.22204254     |      0.63684858     |    -7.67226168     |     59.06276325     |     60.89993451     |     53.37970563     |
|   dYdX (ethDYDX)   |   3.2695226347546096   |     0.1393221      |     -0.46655211     |     0.59766927     |     72.91926995     |     62.55431898     |     70.11837186     |
|      Arweave       |   9.082064560856251    |     0.42717304     |     20.42593228     |    26.56921669     |     132.67646266    |     108.39223319    |      107.604257     |
|       eCash        | 2.9592746754539333e-05 |     0.33641364     |      0.74943183     |    -7.89849174     |     10.04445905     |     17.47882843     |     24.08321323     |
|    PancakeSwap     |   2.482114140566716    |     1.0291041      |      1.33075654     |    13.82177666     |     133.4329834     |     111.01458749    |     94.70438008     |
|       Chiliz       |  0.07630782852345938   |     0.08863654     |      0.4547064      |    -7.86049827     |     31.48158157     |     29.01842124     |     19.72406029     |
|        IOTA        |   0.1846942964789511   |     0.62096151     |      2.41958717     |    -7.20106841     |     28.94675628     |     24.19787561     |      28.0721955     |
|    Rocket Pool     |   27.72622782080239    |     0.64029551     |     -0.08346474     |    -9.61041382     |     41.95695438     |     26.42270146     |      12.1908574     |
|     Frax Share     |   7.232312228070583    |     0.57335047     |      0.88079078     |     5.91917263     |     37.07831021     |     37.84475168     |     18.69709653     |
|       Klaytn       |  0.16670595913389522   |     0.21937823     |     -2.54744449     |     0.5319704      |     38.76669777     |      46.9525318     |      20.2944294     |
|      Conflux       |  0.15571287431779646   |     0.44194505     |      2.88290533     |    -13.03715897    |     47.85375868     |     23.48549689     |     23.73033908     |
|        Gas         |   8.202959444079973    |      0.171189      |     -1.97253575     |    -10.01628833    |     252.18207664    |     215.63556308    |     266.33560376    |
|        Sui         |   0.5510315369758335   |     0.29309095     |     -0.43358768     |    -12.00779804    |      43.9837441     |     23.83342499     |      7.33861998     |
|  Curve DAO Token   |   0.5679073010680276   |     0.64838723     |      0.65062266     |    -10.26773341    |      35.3878249     |     29.03441072     |     19.03183634     |
|      ApeCoin       |   1.3692121570863756   |     1.00608775     |      1.67628597     |    -6.39651815     |     26.56236327     |     22.48011359     |     -10.56632697    |
|    Tether Gold     |   1987.7662398758696   |     0.06105202     |      0.16922765     |     2.40973592     |      0.35878939     |      2.61675158     |      4.52388125     |
| Trust Wallet Token |   1.1715664420818837   |     0.35071059     |      0.38389925     |    -12.41685301    |     13.35529561     |     46.08323181     |     35.64264057     |
|        Pepe        | 1.142341309631414e-06  |     0.58497805     |     -0.26001144     |     -6.5981242     |     76.02198935     |     81.68439957     |      5.50767697     |
|    Huobi Token     |   2.9226610796556463   |    -0.01162076     |      0.72522169     |    -6.77215315     |     27.03007373     |      19.1012735     |     21.83693186     |
|       Zcash        |   28.93503180520745    |     0.59576025     |     -0.18902245     |    -6.67460663     |     14.16073069     |     10.68191987     |     17.13732334     |
|        GMX         |    51.1232586102416    |     0.37467741     |      0.68141599     |    -6.26560777     |     37.37520192     |     41.81401509     |     38.79485709     |
|   Oasis Network    |  0.07176832985578342   |     1.47900139     |      5.36444658     |    -3.21592472     |     75.85653274     |     63.83323015     |     77.85968881     |
|        ORDI        |   22.101214858204806   |    -0.23032246     |     -7.15048136     |     2.20513978     |     467.84502978    |     491.7971949     |     475.75818362    |
|  BitTorrent(New)   | 4.853516430012862e-07  |    -0.11694864     |     -1.57027306     |     1.7983153      |     28.45470494     |     24.78220333     |     16.39096518     |
|       Gnosis       |   178.23826484632926   |     0.3954927      |      0.04056626     |    16.42039539     |     83.67081469     |     75.81093797     |     77.04326061     |
|      PAX Gold      |   1962.746408594071    |    -0.01494619     |      0.02119755     |     2.20958351     |     -0.11908786     |      1.82144418     |      4.38182274     |
|     Pax Dollar     |   1.0000752730319618   |     0.01578997     |      0.0185222      |     0.04191876     |     -0.00157822     |      0.09932061     |      0.61202641     |
|   Terra Classic    | 7.679694498235184e-05  |     0.40657058     |     -0.20801408     |    -8.09066239     |     35.75613235     |     33.44158188     |      18.4116021     |
+--------------------+------------------------+--------------------+---------------------+--------------------+---------------------+---------------------+---------------------+